8024521
8024051
8020473
8023176
8019373
8024242
8019142
8019405
8020537
8019698
8019522
7914961
7863018
8019955
8018683
8023265
8017668
8017508
8017262
8021387
8020623
8022745
8020322
8017899
8017889
8017881
8017157
8017124
8016857
8016724
8016722
8019715
8016451
7910355
8019582
8019777
8019290
8019321
8019472
8014412
8014585
7729781
7910263
8015805
8018849
8015610
8015486
8015351
8017822
8018457
8015288
8015155
8015186
8015150
8018310
8014967
8014540
8014435
8014850
8014528
8014375
8013761
8015349
7910163
8013308
8015348
8013166
8012898
8012881
8015044
8014913
8012781
8015189
8015347
8014502
8012652
8012434
8012419
8012349
8012307
7909894
8014671
8010861
8012048
8013784
8012014
8011973
8011510
8011391
8010633
8010715
8010607
8010530
8010312
8010148
7906213
8009519
8009431
8009443
8009393
8010184
8009835
8009126
8009097
8009878
8008754
7729631
7906098
8008595
8008576
8008055
8008069
8008072
8008061
8008053
8008301
8007518
8007457
7905992
8006680
8005644
8005994
8005784
8005770
8005759
8005751
8005700
8005697
8005625
8005615
8005533
8005177
8005151
8004949
8005181
8004995
8005067
8004785
8004672
8004953
8005487
8004740
8004624
8004409
8003943
7905570
8004238
8003959
8003911
8003892
8003730
8003578
8003400
8003347
8003237
8003226
8002655
8003199
8003181
8002933
8003941
8002580
8002248
8002181
8001815
8001655
8001650
8001491
8001489
8001301
8001136
8001053
8001007
7901113
8000875
8000862
8000818
8000702
8000564
8000513
8000452
8001779
8000155
7900968
7996155
7999811
8000643
8000480
8000014
7996533
7998906
7998822
7998758
7998750
7998721
7998720
7998705
7998655
7998927
7995734
7997918
7900853
7998157
7845452
3754748
7998951
7998936
7996924
7996912
7996690
7996591
7997016
7996999
7996939
7996767
7996683
7997843
7996670
7996571
7996442
7996263
7997608
7996134
7996032
7995971
7999063
3752883
7995584
7995567
7995158
7994746
7994704
7998136
7998426
7991823
7994478
7900521
7997448
7991822
7896266
7993748
7993396
7993332
7993223
7996027
7992255
7991859
7991806
7993868
7991821
7993545
7993369
7896127
7989630
7989450
5516268
7993371
7993266
7843869
7992610
7992518
7984969
7991868
7991427
7991187
3754921
7990321
7990050
7989653
7994980
3756324
7988600
7988470
7988407
7896027
7986699
7986600
7989691
7985523
7991618
7984884
7991675
7991218
7984502
7988022
7987991
7987964
7890918
7991302
7990611
7990535
7983039
7987680
7987159
7988262
7987049
7987042
7986764
7986743
7983032
7986384
7985914
7985602
7989398
7984966
7984545
7984517
7886044
7984394
7984355
7984289
7987634
7984067
7984056
7984048
7881286
7983517
7983159
7983147
7845346
7986895
7980845
7980331
7986468
7986481
7986597
7987646
7974848
7985483
7859198
7986406
7982186
7982044
7981791
7981734
7981715
8023956
8022089
8020000
8020710
8024697
8023544
8024789
8018197
8023197
8019329
8019273
8021168
8023128
8019434
8022395
8020229
8019922
8019895
8019276
8018869
7940372
8020302
7524652
8019893
8021856
8021599
8008202
8021550
8018973
8018965
8018388
8022510
8017781
8017281
8021564
8019905
8019609
8021816
8007181
8023160
8023253
8019040
8018993
8018742
8021332
8018692
8018570
8018500
8018470
8018404
8017994
8017184
8017155
8017117
8016846
8022394
7607196
8016682
8022393
8020268
8021055
7602009
8019083
8019130
8020226
8015532
8020739
8016462
8016440
7602008
7940824
7770389
8011628
8019870
8020284
8018997
8013276
8019435
8019956
8020191
8016069
8016056
8016047
8016024
8016014
8015994
8015971
8015957
8015939
8015885
7940823
8015811
8015810
3697977
7765839
8015600
7936043
8013461
8015693
8016267
8019038
8014798
8015988
8015500
8017697
8018221
8015440
8017043
8015296
8015292
8015105
8015103
8014583
8017830
8014772
8014682
8014547
8014427
8014112
8014046
8013996
8013967
8013903
8013749
7591475
7989782
8013608
7940822
7936042
8011274
8013863
8013297
8015758
8015915
8006964
8013192
7591474
8013148
8013075
7940821
8013044
7936041
8008613
8013848
8012895
8015208
8012777
8012723
8012699
8012651
8012637
8008035
8012616
8012585
8012569
8012468
8012454
8013843
8013840
8012269
5519875
8012219
8012200
7926236
7936040
8009298
8013907
8011689
8007096
5516481
8012000
8011979
8011969
8011962
8011876
8011866
8011856
8011855
8011831
8011823
8011815
8011796
8011771
8006819
8011553
8011717
8011664
8011477
8011533
8011604
8011634
8011562
8011395
8011394
8011375
8011226
8011282
8011261
8011256
8011243
8011177
8011162
8011156
8011148
8011099
8011029
8011001
8010978
8010976
8010943
8010894
8010878
7936437
8010664
8010652
8010647
8010561
8000634
8010500
8010493
8010474
8010149
7989777
8010174
8010077
8009752
7936436
7747933
7936038
8002216
8010101
8000633
8009424
8010021
8009346
8009333
8010804
8009309
8009286
8009244
8009203
8009150
8009577
8009107
8008911
8008870
8008849
8008829
8008772
8008745
8008503
8008685
8008591
8008560
7936037
8001890
7804244
8008574
8000632
8008317
8009525
8008183
8006865
8008522
8007970
8006858
3754103
8008734
8002549
8006834
8006848
8007888
8008250
8004711
8008182
8008008
8006743
8008289
8008080
8006979
8008194
8007938
8007781
8007773
8007593
8007489
7570015
8008203
8002143
8007165
7570014
8007077
8007027
8006910
8006904
8006900
7743407
7936036
8006844
8005106
8005039
8005805
8004988
8005987
8005109
8004577
8004407
8004808
8001701
8004680
8002565
8004399
7565787
8004391
8004368
7936432
8004113
7739468
7921435
7936034
8004092
7999735
8001617
8001869
8003305
4296310
8003832
8003669
8002465
8003572
8003520
8003384
8002510
8003324
8003229
8003209
8002246
8002334
8002533
8002790
8002257
8002295
8002677
8002693
8004070
8002209
8001694
8001485
8001450
8001413
8001307
8001273
8001210
8001202
8001025
8000967
8000966
8000890
8000873
7930827
8000735
8000692
7996797
7531442
8000596
8000548
7999617
8000442
8000246
8001404
8001681
8000139
7936430
7735090
7930826
7994960
7999578
7997394
7999278
8001262
7999244
7999202
8001128
7999134
7999889
7997281
7998752
7998701
7998650
7998607
7998596
7998571
7998513
7998508
7998474
7989606
7998424
7997787
7936429
7998180
7735089
7998104
7998019
7998070
7998049
7930825
7998065
7999560
7997501
7997050
7999615
7997366
7997259
7997143
7998539
7997079
7998064
7996980
7996665
7998212
7998188
7998093
7997757
3755281
7997479
7997478
7997426
7997422
7997386
7850956
7997351
7997122
7997005
7996913
7996852
7996725
7996657
7996741
7997213
7997205
7997189
7997162
7998073
7997039
7997029
7996987
7996978
7996872
7997928
7996807
7997355
7996329
7998033
7997774
7996228
7996136
7998694
7996044
7995951
7997303
7999000
7999059
7999141
7995312
7995309
7994873
7994785
7997134
7554857
7994533
7989605
7930824
7993133
7990694
7994271
7991904
7996667
7994224
7994216
7994202
7997148
7994058
7996865
7993876
7730648
7930823
7993537
7991893
7993505
7992666
7993047
7997131
7992904
7996222
7992521
7991798
7991787
7995991
7995625
7994248
7994181
7990860
7989603
7993650
7992133
7728001
7931017
7726235
7915885
7989591
7930822
7993908
7993843
7993616
7993377
7993208
7993190
7992906
7992872
7992860
7992725
7992724
7992537
7992530
7992355
7992101
7992099
7991800
7991781
7991682
7991558
7991526
7991260
7991252
7991191
7988785
7992959
7994221
7990967
7990692
7992300
7990592
7994258
7990245
7990190
7992682
7993753
7993251
7993830
7989984
7989943
7992848
7989860
7989833
7993634
7989711
7989642
7989498
7993291
7994527
7989445
7989436
7989430
7989378
7994337
7989304
7989274
7988900
7988859
7988178
7988130
7987705
7993968
7990859
7987461
7989602
7987324
7931016
7726234
7930821
7987132
7843117
7986105
7986161
7992144
7990664
7986151
7991770
7986576
7986560
7986225
7728277
7991225
7931015
7721610
7930820
7986094
7986146
7987757
7594044
7985658
7984736
7990663
7992271
7990976
7991827
7992631
7984652
7984541
7991716
7988736
7984058
7990418
7989600
7931014
7911206
7721609
7983794
7930819
7986134
7987924
7988231
7988295
7989840
7981889
7983584
7983245
7982810
7989866
7982731
7988763
7988721
7988172
7988889
7987617
7988623
7989095
7988103
7988306
7987290
7988709
7987686
7983321
7986988
7986487
7986344
7986246
7986223
7986156
7986121
7985770
7985081
7985735
7989598
7539167
7987672
7984731
7931013
7984592
7716562
7984377
7930818
7980673
7983487
7984362
7981121
7981190
7984222
7984217
7984196
7984159
7984094
7987843
7982586
7986681
7983935
7983718
7983710
7983659
7983600
7983596
7983578
7983424
7931012
7983303
7983254
7925641
7983183
7983161
7983141
7983132
7982997
7976599
7982879
7985006
7986941
7980388
7982310
7976060
7987214
7978723
7978476
7987442
7986668
7977396
7982587
7925640
7982434
7974619
7983582
7950579
7981786
7981722
7701951
7981341
7981316
7983338
7983589
7981277
8023963
8024066
8023392
8025056
8021416
8023581
7893663
7867089
8020233
8020734
8020682
5515543
8017967
8017275
8020455
8020328
8022564
8018243
8019952
8019454
7996257
8007014
7268962
8022390
5514724
8021770
8022410
8021593
8021585
8024207
7631572
7465684
5514896
8022555
7965421
8019643
8019303
8018966
8018490
8018295
8018068
8017952
8022488
8017844
8021382
8021295
8022654
8021268
8019731
8022079
8018992
8018730
8021745
8018545
8018379
8018306
8018260
8021542
8017521
8017260
8017225
8017079
8017068
8016969
8016945
8016632
8016578
7959652
7991376
8007013
8016509
8016487
8016415
8018089
8008996
8015601
8007007
8008304
8020061
5515181
8012803
8012625
8012548
8020340
8007787
7268907
8016127
8016096
8017751
8011364
8015993
8015910
8015859
8018912
7515696
8007004
8015502
7268860
8018734
8015491
8017862
8017769
8017849
8011459
7465614
7543964
7551452
8014660
7173665
8017782
8010515
8015314
8015284
8015154
8015096
8015066
8015031
8014963
5518159
8014771
8014623
8014579
8014347
8014109
8013718
8013661
3756244
8014432
8013553
7862042
8013493
8015214
8014668
5510218
8008590
8014820
8000019
8012868
8012706
8014075
7268802
8012568
8012565
8014110
8014067
8012410
8014029
8012302
7745637
7773225
8012241
8012074
7268783
8012277
7631478
7966500
7465559
8011861
8014020
8014061
8011786
8011764
8006934
8011730
8006950
8011704
8011418
8011490
8011154
8011142
7978895
8010807
8010796
8010727
8010712
8010524
8010399
8010252
8010240
8006722
8009987
8001657
8009739
8009722
8009718
8002877
8009536
8009414
8009354
8009328
8009295
8009284
8009272
8009104
8009245
8009317
8010904
8001230
7268746
8006687
8009009
8006982
8009892
8008857
8008773
8008973
8008783
8006714
8008700
8008456
8008631
7993413
8006984
8008571
8008557
8008546
7997469
7268688
8008172
8008531
7631437
7966285
7465499
7545621
7173543
7486279
8008614
7965418
8008757
8008716
8001134
8008905
8008566
8007821
8008071
8007918
8007968
8007809
8007681
8007642
8007634
8007470
8007404
5509188
8007061
7741365
7769368
8006915
8006899
8006886
8006823
8006715
8005482
8006467
8006449
8006366
8005398
8006331
8005605
8006135
5512296
7741221
8005723
8005698
8005681
8001067
8005611
7770310
7852836
8005387
8005978
8002975
8005261
8005230
8006039
8004909
5516382
8004782
8004433
7268641
8004907
8004700
8004608
8004545
8004313
8004315
8004285
8004453
7737745
7990730
7845527
8003434
7268568
8003313
7966073
7465435
8004167
8004144
8004119
8004002
8003801
8003798
7486244
8003697
7944211
7940374
8025058
8021040
8020493
8020026
7970186
8019675
8018670
7607195
8020554
8016419
8019916
8016314
8019097
8016199
8016093
8016040
8015699
7970005
8015091
8014994
8014847
8014648
8014304
8014288
8014216
8013671
8013574
8013205
8013057
8012869
8014607
8012684
8012629
8012517
8012404
8012377
8012359
7586442
8009226
8011639
8008200
8011795
8011242
7586441
7581556
8010991
8010813
8010277
8009963
8009932
8009711
8009184
8009118
8009108
8009096
8006748
8008547
8008674
7747932
8008582
8008299
8008514
8008169
8008632
8007643
8007867
8007810
8007632
8007624
8007475
8007400
8007277
8007001
8006490
7743406
7936035
8005373
8005358
8005583
8005094
8005010
8004941
8004821
8004795
8004601
8004232
8004162
8002540
8003915
8003866
8003309
8003386
8003272
8003193
8003121
8002955
8002642
3570814
8002044
8002025
8002019
8001693
8001453
8001300
8001196
8000700
8000550
8000505
8000433
7966771
7999722
7999524
7999366
8001799
7999256
7999137
7999036
7999016
7998811
7998774
7999816
7992467
7998473
7998332
7998288
7998271
7997564
7998234
7997468
7966011
7996780
7996774
7998646
7998582
7997758
7997614
7997529
7997490
7997387
7997268
7997170
7999190
7996362
7997718
7996299
7996209
7998056
7997474
7995880
7994866
7554858
7997158
7997195
7994140
7994059
7546878
7992858
7992865
7995425
7996410
7992182
7991468
7546877
7764929
7989441
7989273
7993278
7992484
7992269
7992181
7965921
7990579
7990559
7994275
7994227
7990257
7993166
7994002
7989377
7989351
7989349
7989337
7989320
7989209
7989205
7989201
7989055
7988932
7988699
7988153
7546876
7987684
7543592
7980347
7988063
7989974
7986647
7543590
7986351
7986196
7985950
7985785
7920951
7969489
7984975
7985060
7985011
7991493
7984120
7987563
7989760
7984030
7983920
7982630
7988073
7989795
7965499
7987980
5516729
7989632
7988518
7983546
7986334
7986311
7986233
7986104
7985866
7985844
7985546
7985544
7985273
7985016
7987828
7984875
7539166
7984827
3570672
7984692
7984404
7987671
7984036
7984029
8017598
8013139
8007954
8014995
8014975
8014993
8013628
8014634
8013540
8013178
8012910
8012507
7991417
8005550
8011023
8010960
8010844
8009784
8010379
8009885
8009766
8009377
8009240
8009130
8004890
7573001
8008025
8007118
8004866
8006380
8006359
8005942
8005685
8004931
8004435
8003994
8003807
8003467
8003452
8002444
8001731
8001604
8000465
7999206
7998723
7998697
7998663
7992522
7997737
7997721
7997627
7998062
7997491
7997488
7997224
7996825
7997185
7997178
7995755
7994649
7994618
7994578
7987455
7992479
7987432
7995106
7994567
7994159
7986737
7989438
7993549
7993463
7991932
7990613
7990601
7988510
7982538
7985773
7988297
7988270
7965333
7622632
7572997
7985926
7981770
7577489
7984060
7981752
7983068
7983011
7982954
7978409
7976659
7982198
7965278
7981353
7974253
7980239
7976634
7974220
7977402
7974204
7972834
7982017
7968881
7978845
7978546
7978043
7975131
7974193
7977663
7971591
7975635
7976296
7572994
7974906
7974585
7974214
7973957
7973887
7973753
7973401
7971546
7973052
7972946
7971511
7972020
7970076
7607947
7968959
7572993
7969929
7969071
7969025
7968989
7968648
7968561
7968513
7967684
7967321
7966864
7966767
7966733
7966673
7966650
7966133
7965840
7965774
7965491
7965249
7965187
7965113
7965094
7965076
7965064
7962413
7964433
7962462
7962546
7962207
7962149
7962009
7961682
7959880
7959474
7957774
7957541
7957504
7957482
7959563
3753766
7959464
7958107
7956830
7956529
7956105
7955417
7955273
7955188
7955076
7954717
7952691
7587525
7861210
7952301
7951882
7954143
7943975
7953977
7949555
7949624
7947819
7949262
7578489
7948980
7861180
7948327
7946952
7947876
7945844
7572988
7861179
7945351
7897749
7944841
7944371
7944316
7943468
7942364
7942202
7941693
7941293
7941065
7940795
7940444
7940381
7940328
7939799
7939632
7939593
7938877
7938722
7938493
7938384
7561788
7861117
7937318
7937267
7936399
7577441
7935219
7935491
7935203
7935089
7935077
7935044
7935012
7934826
7934722
7934659
7934109
7933798
7933171
7932155
7572985
7861116
7931916
7931252
7926104
7930418
7930387
7930317
7930248
7930072
7929413
7929305
7929206
7929178
7928921
7928191
7928161
7927401
7927399
7927491
7927092
7926712
7857100
7927337
7926013
7925214
7924996
7925049
7861115
7924359
7923977
7923754
7920397
7919384
7918476
7857099
7572983
7921052
7861095
7921051
7920990
7920337
7919940
7919876
7919040
7918969
7918397
7918251
7918159
7918050
7918012
7548444
7908362
7891814
7912444
7912333
7915160
7917510
7915115
7914738
7916931
7891813
7916811
7916041
7915341
7861094
7914287
7913528
7913481
7912960
7912892
7913997
7912611
7912586
7528600
7891811
7913826
7527079
7911552
7911488
7555478
7911371
7526888
7910356
7910133
7909674
7908681
7908962
7857088
7908602
7908301
7906622
7908724
7907938
7908538
7908361
7907805
7907791
7907745
7906880
7906835
7906157
7905678
7905674
7905656
7905275
7905272
7904993
7904627
7904530
7904529
7902247
7902333
7903332
7902131
7902077
7901077
7901067
7901025
7900518
7900395
7900374
7900353
7900012
7899899
7857080
7900489
7898018
7897986
7897629
7897606
7554448
7572978
7896511
7896443
7895824
7895816
7895680
7895370
7895324
7895248
7895218
7895187
7895161
7894087
7893986
7893889
7893847
7891307
7572977
7893071
7861066
7892023
7891386
7891216
7890816
7889970
7889847
7889198
7888717
7888475
7887391
7886898
7886913
7885400
7887049
7886968
7886906
7886894
7886405
7554157
7572976
7885397
7861041
7884159
7857067
7477158
7883693
7883225
7882289
7882009
7883840
7477154
7554027
7572975
7861040
7880466
7880311
7880205
7880015
7477152
7746125
7878958
7857051
7879003
7878943
7553900
7861025
7854763
7878543
7875307
7877711
7878217
7877909
7857050
7877763
7877747
7877607
7877553
7745916
7857049
7869080
7875583
7875505
7741681
7572973
7861024
7854754
7874696
7874227
7874273
7873838
7873339
7873192
7873142
7857047
7872980
7872823
7872797
7872660
7741617
7872642
7869552
7871966
7871799
7871795
7857045
7838905
7870057
7553601
7572972
7854750
7869604
7869068
7869054
7869035
7868809
7868419
7857044
7868208
7868141
7868097
7867636
7867527
7867390
7867383
7867303
7477137
7737413
7866379
7866651
7865900
7865136
7857042
7865061
7864571
7572971
7855671
7854747
7862640
7862283
7863670
7863490
7863177
7862823
7862806
7862491
7861913
7861911
7857040
7861492
7733296
7861011
7857039
7860499
7860090
7859695
7862953
7729131
7860595
7856247
7553313
7858361
7858360
7858349
7858339
7858260
7858163
7857916
7857359
7857234
7856957
7855539
7856319
7855924
7857037
7729103
7854028
7852983
7858050
7849536
7855740
7854312
7853761
7852886
7852798
7852786
7852755
7852721
7850898
7552939
7855511
7850743
7850656
7850564
7850378
7850011
7850008
7849856
7849836
7849795
7849788
7849778
7849765
7849745
7849744
7849715
7849705
7849694
7849675
7728630
7849604
7849587
7847313
7728554
7848533
7852247
7847784
7844015
7845934
7745722
7852117
7846035
7548744
7847065
7846924
7846521
7846874
7846824
7714553
7845739
7845657
7839543
7837003
7845434
7845359
7847424
7845093
7836974
7842540
7572967
7844597
7844574
7844560
7844553
7845981
7844464
7844325
7844309
7844068
7843969
7843724
7843633
7699764
7831957
7842062
7745979
7544929
7572966
7841459
7841401
7841313
8022068
8022048
8024606
8022928
8024535
8024395
8023652
8022927
8021247
8021850
8019475
8018893
8022623
8021141
8018852
8018256
8016687
8019752
8019662
8019394
8016361
8019702
8019648
8010311
8008427
8007311
8014535
8015657
8015552
8011854
7989783
8015289
8015416
8015304
8013074
8013061
8013035
8015246
8015339
8015303
8002526
8011770
8007483
8011819
8011253
8006860
8010590
8010536
8010061
8010220
8009569
8010467
8009435
8008140
8002590
8008155
8008129
8008121
7955732
8001118
8008226
8001235
8002084
7989774
7997252
8005874
8006035
7905923
8005465
8005480
8005475
8005857
8004461
7997446
8004223
8004197
7955720
8003252
7997060
8003265
8003004
8002083
8001949
8001933
8001777
8001720
8001695
8001554
8001542
8001291
8001112
8000754
8000693
8000686
8000684
8000679
8000557
8000530
8000470
8001110
8000011
7999869
7999402
8001092
5511062
7998842
7997362
7997777
7996720
7955702
7997731
7999268
7997346
7996157
7996156
7996135
7996128
7996120
7997539
7996022
7996004
7995939
7995509
7995394
7993951
7995638
7993967
7993885
7992027
7994193
7992620
7991533
7991528
7991521
7991515
7955693
7225756
7992324
7990152
7992786
7992914
7995387
7991746
7991771
7986956
7991745
7992306
7992343
7991744
7989654
7985736
7988219
7987300
7988101
7987421
7987456
7987706
7988583
7989000
5513887
7986268
7986258
7986251
7966228
7984214
7984206
7984201
7984199
7984193
7985733
7983722
7983203
7982913
7982550
7982780
5509361
7923726
7981243
7858741
7956184
7982267
7976378
7976342
7976166
7978295
7978887
7978873
7978872
7978365
7978432
7980980
7977261
7968051
7977197
7849585
7976319
7977196
7976655
7972594
7973553
7967842
7973517
7973340
7889266
7974999
7974479
7975100
7973466
7973076
7973063
7972801
7972541
7972515
7971662
7972494
7956129
7970022
7969984
7966566
7968456
7969994
7969893
7968981
7968725
7968706
7968665
7968630
7968528
7968467
7967962
7967658
7967656
7967650
7967649
7967423
7968749
7966955
7966857
7959781
7966163
7968468
5519676
7965765
7964337
7965734
7965280
7964355
7963202
7963190
7963106
7963104
7963101
7963097
7963088
7962908
7961116
7961007
7960946
7960641
7960470
7960277
7958076
7959901
7959787
7959620
7959610
7959596
7959578
7958056
7958052
7958046
7958031
7958020
7963769
7959811
7959119
7961338
7960445
7957862
7956493
7956258
7956038
7954677
7822341
7953395
7955178
7954939
7955268
7952564
7954938
7954937
7953639
7954936
7950438
7950393
7950335
7950303
7950216
7954116
7952742
5515209
7952426
7918369
7949661
7949615
7949411
7948861
7944218
7948722
7949301
7951702
7949231
7949286
7949150
7949125
7949061
7948868
7948864
7948859
7948857
7948849
7948779
7948766
7948612
7948604
7947519
7947517
7947509
7947494
7946740
7946669
7948481
7940036
7946011
7945275
7945165
7945162
7945111
7945030
7939947
7804684
7944422
7944412
7944403
7945211
7804213
7944221
7944217
7934832
7943638
7944993
7894270
7918361
7637774
7942921
7940194
7874816
7225745
7942194
7942018
7941716
7940963
7940953
7940945
7940934
7940944
7939654
7939426
7939394
7939643
7938623
7938797
7938796
7938790
7938787
7938769
7938424
7937817
7937688
7937481
7225744
7698769
7935787
7936749
7936701
5517726
7936164
7935873
7935842
7935538
7935499
7935399
7935382
7935058
7935025
7933748
7933739
7933729
7933726
7933725
7933448
7930926
7932883
7932760
7932852
5517693
7225743
7930454
7931453
7918350
7929224
7929381
7929969
7928222
7925994
7928345
8024179
8024170
7926943
7926936
7926926
7926923
7926875
7926306
7926296
7926272
7926242
7926229
7925250
7926455
7925730
7925729
7925727
7925706
7925510
7925123
7925148
7924682
7923002
7922300
7922106
7922102
7922099
7922096
7921395
7921361
7921317
5510451
7918336
7923117
7896766
3771342
7921134
7921129
7920317
7921124
7920963
7921493
7920867
7920811
7920709
7920583
7918935
7918922
7918915
7918914
7918908
7922530
7917965
7916019
7917964
7908416
7907734
7907712
7912100
7920485
5516350
7776693
7916846
7915516
7915331
7915191
7915602
7915650
7914255
7917879
7913659
5518182
7913326
7913117
7772909
7914311
7912174
7912108
7912107
7912102
7912081
7911841
7911767
7911822
7911798
7910504
7910565
7911368
7913111
7911163
7910965
7910963
7910959
7910955
7910500
7910362
7909549
7909156
7908794
7908457
7908426
7908254
7908447
7908446
7908438
7908431
7908429
7908353
7908317
7905869
7908168
7908160
7908037
7906326
7907944
7907137
7906972
7906019
7904519
7905899
7905713
7759698
7905627
7905585
7905262
7905231
7905228
7905222
7905221
7905219
7905208
7905206
7906007
7904797
3750491
7902329
7900664
7903385
7903026
7698599
7902390
7902389
7902377
7902351
7902284
7902278
7902110
7902035
7901726
7901723
7901716
7901709
7901701
7901413
7900082
7901144
7899334
7898204
7898041
7897970
7895754
7899173
7898968
7897354
7898595
7896484
7896483
8029266
8024611
8018100
8023355
8025662
8023120
8023643
8024439
8018254
8023506
8020408
8023384
8021881
8018036
8017147
8011207
8016013
8002425
8015437
8017018
8013330
7775235
8014342
8002421
8012513
8012492
8012557
8012402
8012123
8012038
8011802
8011794
8011309
8010639
8010490
8009615
7993418
8009282
8009151
8008853
8008000
8007322
8007300
8006986
8005701
7993399
8006175
8004895
8004218
8004139
8003581
8003136
8002704
8002522
8001955
8001582
8001549
8001530
8001231
7988483
7999924
7999588
7988479
7997684
7997688
7998555
7996883
7991866
7997672
7991865
7993802
7966768
7995410
7995808
7992030
7993665
7992564
7992463
7920953
7992082
7989885
7989741
7989590
7989564
7988734
7988640
7988505
7988439
7987902
7985740
7991809
7991953
7992060
7991769
7987413
7920950
7986195
7974626
7985647
7959344
7985035
7980586
7951876
7980230
7978933
7959342
7982219
7951874
7978460
7978367
7977555
7978156
7977473
7976636
7976521
7969080
7529292
7975682
7974804
7974387
7974251
7973428
7950567
7973338
7950566
7972296
7971651
7971919
7969361
7971638
7969318
7970254
7969370
7968600
7967049
7966894
7966860
7966553
7964550
7963425
7920829
7963362
6928533
7964430
7961968
7961967
7961528
7962667
7959136
7962657
7957712
7961371
7920828
7956475
7956236
7950553
7954935
7954895
7959174
7954624
7954347
7933848
7958265
7956810
7952956
7952871
7952624
7956080
7955252
7952262
7951918
7852912
7951423
7951328
7954365
7954478
7731433
7952868
7954458
7949663
7949659
7949349
7949324
7949320
7946049
7949235
7948611
7951631
7948720
7948366
7918368
7947988
7918367
7947880
7946885
7946703
7945734
7946547
7945894
7945836
7945830
7920825
7945798
7947394
7945087
7944240
7944112
7943535
7943695
7943511
7943038
7920628
7942320
7942280
7942243
7938494
7942134
7942062
7942023
7941117
7940792
7803435
7940359
7940244
7918358
7939731
7939698
7919554
7939424
7938564
7938303
7803326
7937821
7937122
7937119
7890495
7935985
7717425
7934294
7934068
7933437
7931711
7933568
7933116
7918353
7932757
7932260
7931111
7932109
7920626
7931193
7931070
7930759
7918351
7925663
7803252
7930396
7928706
7918349
7908949
7928087
7926182
7929344
7927330
7925992
7925811
7927931
7925339
7896043
7924625
7923367
7921085
7920906
7920511
7918346
7800691
7918345
7917461
7923665
7920624
7916110
7921114
7923732
7923422
7920677
7920590
7912009
7921786
7920194
7919644
7918253
7920603
7916031
7915023
7915668
7915302
7915380
7920176
7914588
7914548
7914507
7915752
7800517
7916004
7915648
7915066
7914523
7914052
7913494
7399232
7912397
7915033
7404654
7911314
7911076
7911075
7880079
7910818
7910654
7910524
7901803
7880076
7909252
7909244
7909115
7908466
7908368
7908149
7908140
7908566
7907529
7908232
7880074
7880073
7866977
7906697
7906412
7906256
7906103
7905996
7905905
7905768
7905757
7905548
7905543
7905419
7904309
7903936
7903897
7857970
7903505
7902449
7901595
7880068
7880067
7900913
7900876
7900079
7900028
7899077
7899059
7898630
7899725
7901214
7897947
7895950
7897549
7896250
7883169
7857958
7897496
7897450
7897356
7897338
7897304
7896307
7896632
7880063
7880062
7894084
7893905
7880061
7893674
7893517
7892785
7891858
7892328
7894573
7893402
7893003
7892824
7892685
7892646
7892275
7892258
7892113
7892011
7891974
7891898
7891870
7891839
7891833
7888966
7888758
7888636
7886397
7890882
7888679
7882222
7886727
7886613
7891078
7887245
7882698
7401731
7886339
7885929
7887864
7885565
7885305
7884951
7882957
7849897
7849896
7884367
7861229
7883805
7883670
7885675
7882253
7882276
7885649
7886362
7882654
7882362
7777372
7857835
7881868
7881620
7881580
7881566
7881528
7881498
7881482
7849893
7880923
7882622
7880283
7879107
7880716
7849890
7852387
7879849
7878250
7877645
7877579
7877237
7876981
7847905
7876601
7876414
7875592
7849884
8028858
8024546
8025650
8025667
8024366
8028042
8023991
5515830
8023534
8023436
8024649
8028255
8024464
8024385
8023746
8023266
8025648
8025881
8022352
8022269
8018098
7566201
7893664
8021576
7862270
8024628
8024458
8020444
8023217
8019981
8018975
7625152
7601994
8020086
8019052
8017943
8017387
8017370
8017316
8022363
8019309
8019293
8021680
8022379
8017016
8016992
8016937
8016741
8018094
8018090
8020316
8020264
8019511
8020935
8016435
7562714
7862378
8016304
8016301
8015160
8019413
8015128
8019254
7989784
8015986
8015700
7562689
8019368
8015519
8015481
8015359
7601940
8015201
8014889
8014380
8013929
7893589
8011026
7745765
8015482
8012730
8014678
8007053
8013909
8012397
7572472
7774939
8014008
8009456
8010755
8012057
8013453
8007018
8011852
8011797
8013354
8010950
8010916
7774813
8010417
8011446
8010182
8009637
8009799
7770783
8010847
8008328
8008887
8006457
7741557
7572466
7770646
8008254
8007820
7601839
8003856
8008308
8006883
8008295
8007995
8007602
8007059
8007119
8005960
7991325
8006817
8006581
8006521
7999442
8006344
8005728
8006050
8005627
8005744
8005604
7845528
8005348
8004484
8004980
8005257
8004304
7084400
7997245
8001043
8003792
7601801
8003132
8003114
8002288
8004247
8002913
8002630
8002504
8003501
8001460
8001444
8002408
7985749
5510613
7990574
7737169
8000680
8000615
8000515
8001340
8001665
7985748
7999743
7999727
7999698
7999593
7997240
8001014
8001225
8000128
7999927
7999954
7985747
7084397
7996339
7601670
7996757
7997701
7998158
7997263
7995969
7995924
7995787
7997526
7995431
7985746
7985744
3754695
7993173
7985870
7732882
7084396
7995664
7993995
7985743
7992852
7993858
7993301
7993135
7995004
7993988
7994437
7996016
7994164
7992112
7990776
7994572
7845402
7993640
7993346
7992321
7992104
7993276
7991013
7990619
7990494
7990481
7990471
7974485
7601625
7993283
7993976
7989896
7993239
7993258
7994937
7989139
7987881
7977509
7728365
7987203
7991513
7989601
7977231
7985650
7987279
7987170
3699319
7990488
7984047
7764506
7990646
7084391
7987272
7976115
7988374
7987958
7601593
7990134
7987690
7989300
7987639
7990036
7987485
7986945
7986662
7986500
7986277
7985894
7985835
7985266
7985036
7985005
7984965
7984595
7084390
7975422
7976015
7980756
7986090
7976250
7980199
7975144
7975410
7975575
7987292
7975592
7982827
7982771
7982759
7977276
7714938
3758539
7525113
7845345
7982249
7982080
7981671
7601533
7985305
7983387
7985473
5512487
7980647
7710165
7525099
7084387
7980183
7980053
7980001
7979891
7979770
7084386
7973250
7982199
7982307
7981607
7975931
7979481
7980738
7979354
7948788
7084385
7845317
7975607
7981133
7975878
7976275
7975136
7975993
7976824
7601484
7978565
7960748
7980233
7980692
7700291
7845280
7084384
7973489
7935457
7084383
7969656
7977065
7975043
8029577
8028971
8027155
8024448
8024146
8024123
8023765
8024865
8023444
8024334
7912313
8027484
8022650
8022154
8022045
8021945
8021944
8021611
8021609
8020978
8020968
8020891
8020235
7941963
8020052
8018510
8019857
8019885
8021578
8022633
8020767
8019533
8019352
8018923
8018464
8018259
8020852
8019078
8018780
8018235
3571769
8017963
8017776
8017603
8017469
8017430
8017407
8016860
8016573
8015325
8016546
8019433
3571629
8015324
8016265
8020085
8013624
8008735
8014778
8015323
8015904
8015730
8015267
7939257
8015604
8017748
8015463
7992691
7988577
8015334
8002741
8016760
8016425
8014351
8014107
8013758
8013710
8015231
8013687
7854728
8014331
8014043
8015230
8013293
8013878
8006168
8013991
5516927
8012495
8012553
8012475
8012441
8012365
8012271
8013970
8012338
8012317
8012297
8012195
8012176
8012161
7937151
8012058
8011909
7992690
7988576
8011747
8011725
8011723
8002720
8011427
8011194
8010997
8010608
8010582
8010145
8009437
8009230
8009337
8009299
8008392
8006686
7992689
8006884
7974488
8008233
8008224
8002707
8008086
8006636
8006803
8007491
8004620
8007308
8007104
8007000
8006798
8006684
8005231
8005935
8005970
8004220
7931258
8005474
8005025
8005013
8004983
8006109
8004864
8004812
8004359
8004338
7974487
8003841
8003804
8003780
7225758
7979887
8003385
8003531
8003393
8002996
8001842
8002711
8002618
8002563
8002690
8002507
8002121
8001031
8000977
8000230
8000167
8000088
8000086
5514536
7999894
7999192
7999170
7999163
7999111
8001349
7998810
7998747
7998517
7998456
7998445
7997952
7998051
7997584
7997329
7998344
7997238
7997197
7997150
7996816
7996802
7996766
7996722
7997616
7996328
7995948
7995658
7995380
7995134
7994863
7991792
7992065
7992738
7992188
7994292
7991791
7993924
7992064
7993322
7988670
7993497
7993219
7992422
7992356
7996645
7994078
7992063
7992147
7991149
7992313
7992111
7991290
7991249
7991015
7990970
7544458
7990325
7995093
7990258
7990171
7990051
7993519
7993335
7992840
7989719
7989695
7989622
7993089
7989455
7989344
7989335
7988901
7987776
7987678
7991729
7986447
7987251
7986477
7991728
7986422
7917679
7987942
7991727
7991499
7984378
7987749
7983950
7917586
7990580
7988233
7535488
7989074
7987501
7983542
7985556
7985542
7985082
7984922
7987406
7981933
7984822
7981438
7984577
7984479
7987971
7987315
7981421
7983736
7983547
7983218
7917373
7987910
7987235
7980862
7986526
7981401
7982446
7982338
7917255
7982175
7968854
7982079
7982058
7984145
7981345
7980978
7980935
7980851
7980850
7980742
7980727
7980365
7978451
7973764
7979503
7903656
7973741
7979444
7903655
7968831
7981087
7973713
7979296
7979271
7979270
7979226
7972967
7903654
7968803
7978947
7953863
7529540
7979567
7978647
7975565
7978484
7978347
7978025
7972916
7903653
7977610
7977155
7977526
7972844
7964225
7976917
7977153
7976614
7976527
7970716
7976314
7972825
7827672
7976592
7964192
7970029
7955860
7976073
7974670
7814411
7975683
7975557
7975515
7975706
7975476
7974138
7975224
7975180
7976199
7974858
7974010
7974784
7974361
7974028
7973925
7973551
7973392
7973351
7973326
7972796
7972298
7972103
7971895
7964034
7970816
7970718
7970688
7970583
7970633
7970392
7970382
7970051
7964013
7969613
7969477
7952094
7809539
7969698
7969872
7969662
8029498
8024978
8029278
8029670
5511376
8028921
8028670
8024604
8024462
8024222
8024583
8028898
8024357
8024191
8028602
8024332
8024195
8024188
8024169
8024166
8024160
8024029
8023242
8023167
8026766
8025928
8024595
8024577
8023310
8022387
8024502
7465751
7394237
7544071
7977560
7056860
7034559
8026170
8026522
8026012
8026957
8025726
8027799
8026347
4296539
8027133
8027174
8023117
8023037
8022860
8022466
8023207
8022157
8022001
8021954
8023967
8021678
8022680
8013566
8021043
8020892
8020853
8019304
8019047
8018271
8018179
8021845
8017560
8020772
8025155
8025054
8023363
8023283
8023420
8021489
8019749
8023339
8018181
8020439
8019543
8022662
8019592
8020190
8019636
3755016
8013729
8010627
8014964
7998695
8023127
8021741
7394158
8022841
8020125
8020088
8019642
8018939
8018288
8017810
8021638
8021212
8021885
8021876
8019043
8018882
8018747
8022547
8020667
8018541
8018499
8018342
8018268
8018267
8018233
8018220
8022245
8017673
8017621
8017217
8017128
8016952
8016899
8022409
8016641
8013314
3698881
8016498
8020628
7955130
8016346
8016271
8016202
8013053
8013686
8010565
8020593
8015531
8012819
8008758
8008726
8014897
8016041
8016015
8016001
7987380
8015590
7893590
8011874
8015556
8015525
8014857
8012916
8014985
7394108
7436047
7564820
7219861
8014904
8015354
8015322
8015268
8015250
8014441
8017415
8014523
8014076
8014071
8014069
8014063
8014053
8014047
8014041
8013640
8013632
8014723
8014844
7746525
7773501
7987369
8013395
8013380
8014694
8013322
8013313
8014384
8015690
8013290
8013266
8014650
8013904
8011801
8013191
8013138
8013102
7987368
8013077
8013036
7893588
8014227
8012850
8012812
8015458
8012580
8012542
8012403
8011841
8012314
8009873
8012282
8012256
7845575
8002891
8012119
8012090
8007031
8012028
7394062
7436014
8011901
8011892
8011791
8011721
8011591
8013081
8011492
8011472
8011458
8010822
8011310
8011214
8006862
8011144
8011141
8011119
8009408
3567939
8009853
8010935
8010837
8010749
8010743
8010732
7804299
8010547
8010322
8009951
8010072
7742223
8009760
7561632
8009736
8009731
8009508
8009450
8006288
8009356
8009365
8009265
8009263
8009710
8009222
8009208
8009159
8009012
8008942
8008765
8009214
8008806
8010570
8008703
8001376
8007446
8004938
8008646
7536895
8003879
8008149
8008115
8006272
8006230
8003098
8007189
7394035
8006816
8006838
8006843
8006831
8006683
8006393
8007996
8007099
8006957
3768310
8007947
8007931
8007841
8007791
8007782
8007776
8007401
8007343
8007338
8005026
8006682
8007200
8004924
8005006
8007042
8007032
8007029
8006978
8006926
8006924
8006809
8006776
7845529
8006708
8006681
8006653
8006399
8006161
8006310
8006259
8006223
8006061
8002086
8005879
8005841
8005826
8005815
8005775
8005756
8005708
8005677
8005578
8005483
8005477
8005454
8005421
8006421
8004466
8005291
8006147
8005033
8005031
8005282
8006154
8005741
8004744
8005127
8004148
8002137
8004574
8002555
8004472
8004469
8001364
8000554
8003641
3750419
8004104
8003858
8003998
8003912
7435891
8003889
7219749
7564671
8003874
8003863
8003845
8003822
8003753
8003698
8003612
8003549
8003470
8002488
8003650
8003584
8003461
7997174
8002864
8003106
8003065
8003060
8002991
8003545
8002088
8003262
8002893
8003044
8003728
8002783
8002708
8002695
8004208
8002171
8002603
8002573
8001917
8002470
8004155
8002360
8003319
8003301
8002124
8001960
8001895
8001892
8001753
8001706
8001612
8001512
8001441
8001312
8001358
8001821
8001098
8001036
8000993
7998532
8000674
8000937
7768636
8000740
8000733
8000697
8000695
8000685
7845454
8000658
8000649
8000631
8000500
8000385
8000297
8000251
8000469
8000161
8000157
8000133
7999977
7995400
8000650
7737068
7845453
7804124
7994327
7999396
7999313
7999219
7999144
8001303
8001345
8000809
8001213
7997842
7998861
7998837
7998753
7998735
7998724
7998684
7998623
7998606
7998585
7998548
7998534
7998509
7994932
7998350
7992759
7997840
7997810
7733802
7997646
7997623
7998309
7998260
7998061
7998191
7998087
7531386
7997991
7997676
7994000
7997528
7997515
7997473
7997450
7997958
7997054
7435862
7998880
7998845
7998754
7997944
7997809
7997769
7997763
7997762
7219703
7997084
7997056
7996969
7944210
7995472
7997338
7997220
7997200
7997165
7997023
7997772
7996694
7996628
7996555
7996543
7996473
7997749
7997853
7996149
7996141
7996133
7996089
7997476
7996045
7996007
7995987
7995746
7997734
7998138
7998149
7995662
7995594
7995556
7995480
7995172
7995169
7994566
7994486
7994403
7994413
7994187
7993944
5514414
7993923
7993883
7993882
7994136
7992715
7829478
7993866
7732816
7993476
7993611
7847294
7996564
7993302
7994283
7996911
7997145
7992862
7996904
7996467
7996325
7995697
7992643
7993186
7993351
7993557
7991833
7995053
7993749
7993683
7993594
7993363
7986845
7990565
7986938
7992068
7991919
7991309
7990714
7526625
7993861
7993607
7992815
7995350
7988304
7992211
7991878
7991738
7993520
7991523
7991452
7993669
7994531
7992713
7991301
7990677
7465308
7990548
7393839
7990409
7990299
7990282
7990198
7992754
7995119
7989641
7989468
7989388
7994807
7995231
7989014
7988870
7988610
7988390
7988205
7988199
7988189
7987887
7987883
7987868
7987850
7991986
7992638
8027578
8027298
8023130
8028206
8030523
8030597
8030522
8027157
8031289
8032471
8018103
8030457
8018102
8026929
7995927
8026761
8026577
8026537
8026380
8026274
8026233
8026137
8018101
8025297
8025286
8025903
8025590
8029169
7269132
8025160
8025112
8025107
8029771
8029326
8029607
8029261
8028580
8024011
8023337
8023336
8027052
7504447
8001296
8025890
8027562
8023613
8023524
8026446
8023356
8023272
8023068
8021938
8021935
8021929
8021908
8021843
8021824
8021309
8021048
8021279
8024380
8021181
8018096
8020945
8018936
8025234
8020287
8023509
8023694
8018095
8020222
8019600
7504404
8019294
8018708
8018482
8020864
8021072
8020755
8020303
8019116
8018681
8017887
8021195
8017716
8017425
8017363
8016810
8016626
8016593
8021007
8020916
8020053
8016420
7893638
8010388
8010382
8010373
8008720
8008711
8008469
8007610
8010554
8014274
8012363
8016034
8015854
8015689
8015605
8018866
8015528
8015477
8015054
8015484
7256244
7504355
8015245
8007651
8014868
8014814
8014703
8014305
8014255
8013795
8013482
7989781
8014854
8015663
8015628
8014308
8012457
7989780
8012114
7976687
8002418
8011990
8014404
8012052
8012007
8011937
8011931
8011925
7504309
8011724
8007649
8012095
8011258
7989779
7989778
8010934
8002154
8010666
8010665
8010480
8011136
8011322
8010380
8010265
8006859
8009764
8009570
8009556
8009538
8009469
8010572
8010126
8008968
8008967
8008931
8008928
8008922
7989776
8008722
8008681
7845560
8009658
7256054
7504266
7225759
8008248
8008235
8008007
8007921
8007797
8007496
8007445
7989775
8006928
8006877
8006825
8006713
8006699
8005998
7993405
7999737
8006472
8006382
8006322
8006296
8006265
8006159
7989773
8005645
8005626
8005536
8005511
8005667
8005468
8005336
8006269
8005135
8005024
8005656
8004942
8005458
8004893
7989772
8004324
8004178
7997207
7506979
8003645
8003947
7255972
8003775
7504209
8003573
8003440
8003294
8003168
8002924
8002892
8002885
8002869
8002535
8002464
8002150
8001867
8001713
8001678
8001660
8001611
8001609
7989771
8001242
8001181
8001138
7506827
8000468
8000461
8000129
8000147
7999903
7506559
7999543
8001077
8000436
7268544
8000037
7999196
7998891
7998867
7996675
7998667
7998620
7998561
7998556
7998497
7998137
7998096
7506201
7988476
7999590
7268503
7255905
7998030
7997674
7997440
7996931
7504177
7225757
7996962
7993268
7996721
7996695
7996246
7995860
7995845
7995830
7995198
7995176
7995148
7994938
7994485
7988471
7996431
7994238
7996420
7990861
7993835
7993523
7995968
7268476
7993183
7996836
7995748
7992822
7995433
7991828
7996652
7996597
7985741
7994265
7993721
7992534
7992524
7991430
7989390
7993045
7992995
7992301
7992031
7992146
7992089
7994272
7268434
7991182
7991114
7990896
7990596
7990495
7255838
7990408
7504128
7990175
7990111
7989928
7989887
7989369
7989125
7989046
7989045
7989043
7989041
7989035
7989008
7988855
7988744
7988541
7988451
7988357
7988133
7988118
7987784
7848260
7985739
7987005
7986179
7990752
7986794
7985738
7985655
7991399
7984793
7991467
7992611
7985294
7985097
7992197
7984576
7991807
7268357
7988060
7987934
7987862
7988266
7990280
7988079
7255624
7504077
7987855
7988400
7987566
7988336
7989875
7987186
7986880
7986868
7986844
7986830
7986807
7986712
7986048
7985974
7985309
7987609
7984501
7984448
7984380
7982476
7984272
7984258
7984235
7987878
7983817
7983731
7983503
7983295
7983221
7983146
7983123
7983065
7982902
7982391
7978800
7977605
7268295
7986761
7974798
7982773
7951878
7811471
7968682
7981970
7982264
7985874
7982210
7268241
7982140
7953929
7981785
7981758
7255577
7981658
7504036
7225754
7981261
7981247
7981172
7980913
7980664
7951877
7980406
7983216
7983119
7973631
7951875
7979799
7979726
7979596
7982710
7979671
7982873
7979540
7979533
7268208
7981936
7979554
7979510
7979497
7979362
7979356
7979330
7979125
7268114
7981376
7977353
7978976
7974397
7978875
7978834
7255476
7978781
7503976
7978730
7978573
7978592
7978142
8022846
8026084
8029371
7394295
8025776
8030991
8031048
8028160
8031069
8030478
8027540
8028047
8031179
8027997
8031195
8030731
8032018
8030407
8027840
8027742
8027695
8026909
8030448
8027346
8029889
8029101
8027258
8028923
8026855
8026741
7526603
8026470
8025693
8022736
8030451
8029775
8030447
8026297
8028309
8026229
8026174
8026839
8025923
5515811
8025806
8025598
8024761
8022716
8029345
8029855
8030163
8024986
8028768
8030133
8028846
8024857
8024769
8027218
8029634
8028540
8021392
8022827
8027796
8024370
8024292
7777769
8023805
8023790
8020591
8020128
8022695
8024688
8023177
8024517
8020458
8024415
3768222
7988579
8006136
8022991
8023579
8026822
8027678
8026503
8026402
8027852
8023248
8022990
8022590
8022388
8025437
8022216
8022211
8025962
8021998
8021554
8020557
8024682
8021596
8025362
8021509
8021471
8021031
8022682
8021018
7783685
8021539
8020146
8021451
8023906
8020381
8020366
8019513
8023730
7861233
8020216
8020165
8020329
8020297
8019165
8019377
7988578
8007654
8013398
8013832
8017229
8020880
8021319
8019446
8019161
8021372
8018604
8021798
8021136
8021460
8017058
8017014
8016711
8016694
8016622
7804391
8015337
8019924
8020083
8020869
8017710
8016473
8019721
8017239
8016383
8016359
8019032
8016341
8015301
8016302
8015793
8015719
8013876
8012345
8012215
8008925
8008346
8016925
8016022
7856627
8015952
8015914
8015315
8017861
7225761
7965420
8018444
8014225
8014010
8013978
8013950
8013595
8013844
8013814
8013750
8013711
8003980
8013468
8010564
8013431
8014514
8015040
8014689
8013058
8010552
8015476
8014329
8014431
8012505
8012388
8011385
7852890
8011547
8010025
8006777
8003916
8005461
8010508
8011671
8012096
8012081
8011958
7225760
7965419
8011728
8011893
8011378
8011260
8006861
8011071
8011054
8010885
8010864
8010559
8010776
8010630
8003901
8010550
8010491
8011185
3569068
8009928
8009889
8009876
8009816
8009691
8003887
8009518
8008486
8009544
8008938
8006554
7844259
8006117
8005310
8003668
7608176
8008479
8008455
8008191
8006905
8008123
8007987
8007985
8007756
8007932
8007715
8007516
8007930
8007405
8004806
8007170
8006404
7843797
8001144
8006815
8001715
8001189
8006567
8006545
8006487
7978690
8006342
8006151
8006052
8004911
7839603
7999585
7507230
7997247
8005455
8005319
8005537
8004205
7838179
8000698
8004225
8004210
8004171
8005609
7993602
7999380
8001750
8005095
7393977
7992688
8004132
8004118
8003813
8003802
8003790
8003734
8003664
8003377
8003432
8003409
8003394
8003191
8002310
8002771
8002602
8002597
8002503
8003752
8001793
8002284
8002799
8002096
8002073
8002011
8001661
8001638
8001347
8001229
8001104
7995645
7836306
8000360
8000652
8000640
7993402
8000541
8000536
8000518
8000038
8000388
8000203
8001058
8000101
8000084
7999854
7999919
7834964
7999769
7999766
7999635
7999501
7999487
7997778
8001336
8000398
7999136
8000645
8001093
7998970
7998931
7998680
7998800
7998734
7998717
7998691
7998500
7998402
7998394
7832251
7997907
7997900
7998294
7998199
7993277
7997920
7804108
7992999
7994289
7999717
7999460
7999224
7998985
7998896
7997860
7997722
7974486
7997664
7997499
7996605
7996001
7995701
7999309
7996785
7996638
7999723
7996015
7995975
7995952
7995663
7995573
7994800
7994639
7830685
7994471
7994279
7994229
7994213
7994211
7992984
7997000
7993810
7993782
7990453
7845403
7804079
7993348
7993347
7992985
7992732
7992587
3766130
7992755
7996173
7994428
7991783
7991585
7991389
7996456
7996455
7994751
7994320
7994130
7993692
7992051
7992018
7826605
7991420
7990885
7989382
7990018
7993312
7993068
7970807
7992504
7992418
7992397
7992288
7991403
7991383
7991289
7991067
7977732
7990783
7990617
7974674
7990351
7990331
7990244
7989909
7992650
7989380
7989211
7989178
7989099
7989073
7994151
7988991
7988970
7988753
7988619
7988575
7988537
7988503
7988332
7987857
7993997
7994163
7994100
7991742
7991064
3766617
7986808
7986925
7764711
7987289
7987253
7988403
7987062
7982501
7992819
7986838
7992546
7991676
7990942
7991245
7992401
7983510
7990728
7988303
7986755
7986904
7820288
7986152
7988197
7842617
7987177
7982456
7985176
7985102
7991440
7992236
7992471
7991620
7991372
7992351
7991422
7987543
7988301
7990687
7988112
7981845
7988023
7817075
7987955
7987702
7977720
7987724
7988180
7988084
7977516
7979346
7983153
7465253
7393795
7435805
7974673
7564492
7944208
7981225
7990068
7987812
7990373
7990353
7988056
7987621
7988293
7988740
7989247
7988302
7987347
7987336
7987234
7987751
7986361
7986295
7986261
7986224
7986085
7982412
7985821
7985662
7985457
7985382
7985221
7985126
7985121
7985069
7985066
7985054
7985037
7984962
7975597
7984941
7985734
7986364
7984796
7987839
7815810
7984482
7984679
7976588
7986979
7984016
7983861
7983784
7981907
7987509
3698194
7983719
7983495
7983425
7983396
7983341
7983286
7983152
7983114
7983079
7976541
7983027
7977137
7982924
7982918
7986551
7987612
7980479
7980348
7979081
7981352
7979282
7978902
7978422
7986607
7974996
7982705
7982690
7974500
7975731
7982197
7982367
7982084
7976514
7981932
7465195
7393763
7981727
7981695
7974483
7974672
7564431
7981588
7981560
7965119
7981410
7981335
7985188
7981264
7981250
7981237
7981213
7981210
7981139
7985599
7980970
7980936
7980358
7980803
7980660
7980613
7974457
7980364
7980339
7811203
7959343
7980201
7497482
7980033
7976389
7752504
7980160
7496470
7982711
5514933
7974785
7808208
7858129
7979590
7979776
7978417
7979753
7973960
7979711
7978140
7979678
7979531
7972773
7979192
7982734
7982762
5508436
7980300
7980066
7979760
7976251
7978910
7981013
7979458
7979422
7979415
7979407
7979373
7974727
7974357
7979350
7807784
7977037
7977852
7979268
7979248
7497480
7979201
7978288
7979151
7976743
7979196
7978615
7978106
7979046
7972746
7977997
7979027
7980200
7974538
7979917
7978874
7973518
3750132
7969583
7972638
7465136
7393716
7978823
7564364
7410263
7978756
7928755
7978786
7978586
7978572
7979402
7979103
7978529
4287764
7978322
7978278
7979213
7977265
7978093
7977551
7974688
7974310
7806655
7978200
7970483
7976625
7972477
7977712
7977853
7978004
7972741
7977434
7977172
7978439
7977536
7977491
7971936
7803669
7761096
7971478
7938459
7970160
7976484
7972407
7971954
7977110
7970888
7972669
7977002
7972376
7977360
7977937
7976638
7977121
7977453
7976883
3752509
7977648
7972161
7967865
7976750
7977440
7974975
7975063
7976669
7976594
7976393
7976506
7973540
7971899
7973485
7802735
7976289
7971306
7976227
7968799
7968271
7972331
7964985
7970578
7976150
7970824
7972471
7972268
7956141
7972652
7973659
7972310
7971789
7973107
7972119
7976113
7968345
7962941
7965438
7949732
7465074
7393666
7435707
5508982
7564312
7955001
7219481
7975877
7975799
7410247
7975542
7928754
7975439
7975414
7975411
7975464
7975349
7975170
7974949
7974790
7974746
7974664
7973840
7974556
7974458
7974360
7974143
7974132
7973976
7973923
7973909
7973884
7973877
7973728
7973564
7973528
7971872
7973281
7971765
7973220
7973177
7973175
7973158
7971673
7973127
7802487
7968711
7964399
7972705
7972696
7972650
7478956
7972547
7972546
7972533
7972531
7972529
7971777
7970756
7972478
8028577
8026907
8026891
7893665
8022696
8024313
8022403
8022174
7893640
8023311
8021435
8002439
8015563
8014981
8014497
8014569
8012175
8012169
8009394
8008680
7976684
8006460
8006452
8006438
7966773
8003183
8002826
8001482
8001470
8000842
7998617
7996821
7996724
7996769
7996737
7996733
7998263
7996104
7991696
7993554
7991635
7991629
7991614
7991530
7991516
7991339
7993546
7990188
7989449
7989439
7984997
7984886
7983661
7983616
7979523
7982145
7982339
7980963
7980946
7980942
7980925
7980282
7968548
7979562
7979455
7979435
7979208
7981017
7920912
7978846
7978222
7976467
7976033
7974023
7974924
7975798
7975583
7972655
7952519
7971801
7968367
7969612
7969459
7969416
7968920
7969277
7968447
7968258
7968227
7968185
7968097
7967542
7967488
7967332
7966264
7966239
7966068
7965728
7938666
7964195
7963505
7964335
7963276
7963169
7964944
7962945
7962177
7961781
7939224
7961553
7961526
7961269
7961227
7961210
7956172
7955810
7959483
7957545
7957423
7956274
7956267
7953630
7954354
7954260
7953942
7953975
7953949
7953329
7952437
7920827
7952165
7952473
7952381
7952338
7952250
7952248
7951791
7951783
7951766
7924461
7950501
7950401
7950385
7950252
7950245
7950211
7949660
7949550
7945356
7948951
7947127
7946828
7946802
7946359
7845086
7944783
7942679
7942538
7942098
7941103
7942542
7941721
7941403
7941004
7940200
7940151
7909643
7939244
7937870
7937477
7937452
7937238
7937192
7936404
7936392
7936016
7935091
7930622
7934926
7934914
7934903
7934828
7934734
7929572
7933271
7430442
7932111
7931215
7930501
7930334
7930251
7930066
7929713
7928188
7926560
7927355
7927334
7926905
7925830
7924978
7925456
7925447
7925440
7924857
7924782
7924618
7926801
7923238
7922458
7921785
7921759
7921426
7895241
7917971
7915581
7920619
7921154
7919528
7918934
7917835
7917814
7914898
7914691
7779742
7914779
7915193
7915184
7914889
7915294
7914755
7914751
7914446
7914768
7914764
7914747
7914735
7917006
7916780
7916341
7916328
7916175
7916000
7913361
7882399
7912666
7911722
7911601
7911436
7911401
7911398
7911397
7911391
7911388
7911373
7911349
7911336
7911268
7911097
7910819
7910656
7910570
7837029
7908578
7908207
7908061
7908058
7907996
7906903
7906073
7905982
7866646
7905664
7905633
7905484
7904949
7836976
7903814
7903579
7903572
7903417
7903379
7903302
7903272
7902480
7902338
7902205
7902187
7902165
7902140
7902113
7900974
7900932
7899015
7898693
7897973
7897899
7890860
7897511
7897248
7896281
7894395
7896066
7895881
7895856
7895720
7895113
7894367
7894352
7894349
7894342
7893644
7893132
7893082
7893337
7893088
7892869
7895944
7891546
7891051
7893081
7892415
7892285
7892106
7892095
7852189
7887752
7886448
7886365
7886277
7886439
7886234
7886197
7887275
7884312
7886833
7883727
7857136
7881768
7881412
7880847
7838558
7879159
7880539
7879920
7879892
7879754
7879663
7879418
7878968
7879077
7878635
7878754
7878206
7878180
7878145
7878119
7878060
7878043
7877759
7877752
7877716
7875602
7877059
7876999
7876213
7876168
7874876
7874683
7874587
7872922
7874125
7873635
7873589
7873583
7872897
7872851
7872750
7872518
7872470
7872276
7872264
7872152
7871817
7871813
7872736
7822627
7869883
7869171
7869545
7869525
7869416
7825282
7867964
7862332
7867581
7867518
7867473
7867777
7866879
7866262
7866039
7868079
7865382
7865052
7863364
7863796
7865248
7863247
7863235
7822382
7859739
7859603
7859572
7859570
7858518
7856072
7859475
7855627
7716112
7852895
7852578
7851369
7811391
7853350
7853228
7853141
7852920
7852622
7851999
7851332
7851377
7851276
7851050
7850809
7850594
7850523
7850426
7849786
7853635
7845870
7845835
7845386
7838118
7798897
7798076
7842757
7842476
7842322
7841768
7840594
7840532
7840264
7839885
7839611
7760930
7837906
7837867
7838677
7837692
7836921
7836840
7836052
7835350
7835328
7832921
7832902
7833015
7832614
8027567
8024199
8020797
8018258
8017338
7566072
7566054
8008157
7526431
8005834
7526426
8002426
8002746
7991767
7993115
7992791
7992498
7986733
7504086
7988069
7986440
7984474
7491601
7979703
7978446
7977611
7973069
7973024
7969185
7969617
7969193
7969164
7969115
7968724
7968414
7963577
7962160
7961851
7961716
7957534
7960451
7954301
7458516
7953191
7953189
7953762
7953383
7953153
7952999
7951864
7951523
7456541
7948331
7948370
7946556
7435751
7944975
7944793
7944656
7944553
7944231
7944182
7803460
7923862
7942151
7939773
7938059
7937042
7936937
7936619
7936019
7935958
7934391
7934263
7933747
7933462
7933258
7920278
7421678
7931146
7930653
7920277
7421673
7920154
7930196
7927060
7926756
7926724
7926463
7925722
7924571
7924532
7928042
7927451
7921874
7920150
7915826
7919452
7916706
7918268
7915730
7919299
7916131
7391797
7911632
7911263
7913202
7910545
7391795
7910267
7910010
7391770
7908925
7388120
7908484
7908374
7908053
7907951
7907290
7905960
7388089
7905403
7904266
7903903
7903369
7903256
7902737
7902699
7902025
7901325
7900891
7383924
7899934
7899205
7898462
7898410
7897827
7896805
7894880
7894828
7891952
7891963
7892777
7892758
7892746
7892723
7364209
7890875
7892767
7892146
7890871
7888828
7890004
7885683
7886622
7886623
7885952
7885532
7885507
7884997
7884506
7883796
7883408
7882325
7881628
7881322
7880403
7880399
7880207
7879651
7879316
7878532
7875478
7873835
7335878
7876169
7875815
7869763
7875605
7875412
7875139
7875034
7874982
7874346
7873546
7873542
7873314
7871097
7870841
7870594
7329700
7870323
7869948
7869317
7868848
7867897
7866986
7866358
7865755
7864808
7863630
7863369
7861737
7860234
7860217
7860015
7859881
7859969
7855946
7855869
7855066
7853187
7851454
7850082
7854485
7854066
7853811
7851949
7851944
7854715
7851222
7855152
7848799
7301658
7848257
7847725
7846573
7845076
7847302
7846941
7846987
7846261
7845820
7844954
7843068
7844465
7796476
7291247
7841155
7840711
7840686
7840657
7840500
7840498
7840416
7840203
7839100
7838628
7838483
7837977
7837727
7837694
7837367
7836919
7836996
7836928
7285872
7285864
7830885
7833511
7830331
7829112
7829090
7830995
7827632
7827489
7825773
7821325
7821317
7824126
7823037
7821843
7821319
7821310
7822699
7821993
7820684
7817537
7820185
7819775
7819700
7823298
7822656
7818637
7815128
7814931
7813570
7809722
7809355
7791208
7246525
7808908
7806736
7806419
7805544
7805273
7804168
7804093
7800617
7224939
7800265
7802972
7796969
7800679
7797139
7796250
7792088
7796489
7790531
7789021
7788445
7217965
7788629
7788462
7783949
7214036
7786154
7785447
7783467
7782588
7781797
7781606
7781086
7780352
7780283
7779473
7779391
7779272
7777293
7777550
7777549
7777382
7776156
7774991
7187726
7775507
7768216
7771687
7771667
7769825
7768511
7183687
7768341
7769377
7766429
7766372
7754941
7177987
7177983
7764027
7177956
7763373
7754912
7753558
7752787
7751348
7752835
7761122
7761313
7759528
7755155
7754482
7756054
7157357
7753976
7748639
7753074
7153204
7153199
7750955
7752489
7153149
7748395
7746654
7746153
7745207
7744688
7744261
7744179
7741459
7742622
7742201
7742475
7739854
7739808
7128542
7736216
7735913
7735766
7722679
7724507
7737287
7737913
7737209
7737197
7736475
7735800
7732453
7732358
7732295
7731334
7728752
7722329
7730208
7119408
7734361
7732397
7735314
7731882
7730595
7721555
7119344
7720641
7732907
7727192
7726865
7728745
7728483
7718673
7718036
7110192
7502151
7723402
7093999
7502149
7719643
7718188
7718162
7502148
7502147
7717212
8016888
8016628
8016566
8015255
8016391
8030041
8029291
8028648
8029765
8029671
8029602
8029592
8029569
8029552
8029475
8029471
8027363
8029428
8029417
8029350
7871611
8029200
8029113
8029104
8029065
8028917
8028913
8028904
8028814
8028805
8028763
8029273
8028679
8028658
8028625
8028607
8028502
8028454
8028428
8028425
8028421
8027050
8031796
8027558
8015286
8031553
8028295
8027097
8026899
8028241
8026554
8028186
8031166
8031376
8028104
8028069
8028007
8031252
8027980
8031074
8032178
8030985
8027933
8027924
8027903
8027881
8027729
8027677
8025874
8027588
8026999
8026665
8027483
8026449
8027210
8025580
8025092
8026976
8026953
8026937
8014074
8026862
8026813
7566206
8026789
8026773
8026763
8026745
8026743
8026640
8026601
8026589
8026580
8026571
8026544
8025237
8021506
8026440
8026429
8026414
8026408
8026403
8026400
8026395
8026392
8026386
8028666
8025518
8026232
8026218
8026204
8025279
8026175
8026161
8030002
8026035
8025954
8025919
8025187
8025181
8025169
8025892
8025865
8025858
8025093
8024871
8025813
8025805
8024924
8024734
8025629
8025596
8025541
8025481
8025423
8025415
8025408
8025363
8023007
8025345
8025332
8025245
8025224
8025140
8025109
8025105
8025047
8025028
8024939
8024905
8024860
8029972
8024830
8028881
8027967
8024297
8024236
8024079
7566204
8023706
8023575
7871164
8023006
8023299
8029008
8023179
8023003
8024632
8024625
8024597
8024472
8024420
8024373
8001156
8024248
8024150
8021847
8024016
8024007
8023980
8023904
8023783
8023731
8023651
8023644
8023559
8023244
8023191
8023082
8023080
8022855
8022579
8022520
8022302
8022263
8022247
8022241
8022219
8022163
8022140
8022136
8022111
8022109
7915148
8022070
8022025
8022005
8019670
8021922
8021884
8021781
8021777
8021736
8021597
8021535
8021192
8025082
8021336
8023005
8021201
8021190
8021081
8020341
8004642
8024987
8019185
8025099
8020668
8024982
8020579
8020574
8020504
8022664
8018016
8020565
8018817
8019967
8020003
8017703
8020147
8020033
7566168
8019936
8019819
8019557
8019541
8001745
8001148
7276006
8020712
8020511
8020199
8020069
7225763
8019732
8019444
8019299
8019272
8019014
8018656
8018395
8017734
8021108
8020786
8020758
8020747
8021448
8021487
8020148
8020090
8019782
8019769
8019704
8019338
8019266
8019261
8019187
8019067
8018980
8018716
8018700
8018616
8018504
8018498
8018447
8018343
8018316
8022054
8017914
8017568
8017261
8017106
8017055
8017013
8016988
8016243
8016162
8012753
8012385
8011929
8010328
8010253
8008782
8008688
8007725
8014322
8016141
8016139
8014019
8013744
8010200
8015254
8015698
8015661
8015507
7779142
7862136
8015611
8015588
8018076
8015560
8015511
8015509
8015494
8015456
8001137
8015420
7275955
8015398
8014555
8014551
8014138
8015340
8015317
8015276
8007544
8015213
8015205
8015120
8014902
8014768
8014876
8014759
8014410
8014221
8014184
8014081
8013860
8013777
8013775
8015305
8013715
8013655
8010692
8013637
8013629
8013615
8013586
8013569
8013544
8013541
8013527
8013500
8013475
8013422
8013359
8013323
8015378
8014217
8013247
8013231
8013170
8013093
7535075
8012971
8012843
8014204
8015039
8012746
8012670
8013953
8014167
8012646
8012547
8012451
8012422
8012401
8012347
8012158
8012092
8012080
8012033
8012029
8011983
8011967
8011955
8011923
8011917
8011908
8011877
8011811
8011742
8013034
8011538
8011421
8011342
8011324
8011238
8011151
8011118
8011086
8011060
8011045
8010909
8010827
7529310
8010724
8010719
8010708
8010156
8010563
8010557
8010539
8010194
8010527
8010517
8010513
8010485
8010396
8010354
8010332
8010248
8010163
8010190
8010177
8010569
8010047
8009900
8009857
7529306
8009796
8009692
7856534
8009654
8009465
8009451
8009399
8009376
8009301
8009271
8009255
8009204
8009199
8009134
8009125
8009093
8009088
8009082
8009076
8009067
8009050
8009036
8009237
8008852
8008822
8008713
8006595
8005029
8008572
8007902
7275799
8008440
8008187
8008179
8007926
8008110
8008107
8008048
8007946
8007775
8007695
8007617
8007580
8007561
8007556
8007538
8007532
8007505
8007500
8007476
8007461
8007387
8007324
8007305
8007301
8007247
8007233
8007230
8007228
8007184
8001373
8007097
8007091
8006923
8006889
8006854
8006814
8006812
8006767
8006766
8006757
7973952
8006745
8006732
8006716
8006704
8006648
8006574
8005445
8006395
8006390
8006357
8004722
8006329
8006246
8006372
8002142
8006073
8006021
8005967
8005965
8005921
8005914
8005861
8005721
8005689
8005680
8005673
8005657
8005616
8005559
8005552
8005546
8005516
8004367
8005388
8005383
8005374
7999736
8005354
8005324
8004721
8005149
8006078
8005032
8003119
8004661
8006337
8004860
8004814
8004755
8004746
8004726
8004640
8004538
8003125
8003111
8002473
7852643
8001647
8004819
8003964
8003317
7997037
7943082
8004137
8004134
8004124
8003891
8003787
8003777
8003761
8003637
8003456
8003504
8003496
8003487
8003476
8003472
8003463
8003443
8003383
8003369
8003253
8003221
8003185
8003084
8002995
8002963
8002140
8002946
8002890
8002803
8002802
8002800
8001947
8002543
8002531
8002466
8002394
8002383
8002349
8002348
8002297
8002294
8002529
8002578
8002260
8002256
8002241
8002132
8002054
8002028
8001977
8001937
8001823
8001814
8001699
8001676
8001653
8001631
8001593
8001517
8001378
8001314
8001288
8001055
8000994
8000959
8000950
8000929
8000839
8000796
8000782
7521002
8000647
8001646
8000544
8000533
8000487
8000474
8000471
8000406
8000389
8000354
8000257
8000191
8000174
8000149
8000144
8001353
8001607
7999881
7986273
7999774
7999731
7999712
7521000
7999499
7999616
7999389
7999361
7999146
7998953
8001467
7998876
7998813
7998797
7998766
7998600
7998468
7998396
7998387
7998373
7997917
7997874
7986148
7997643
7997561
7998299
7998290
7520971
7998046
7997723
7996393
7998230
7997816
7997423
7997381
7997690
7997577
8000731
7997521
7997506
7997472
7997460
7997458
7997455
7997436
7997375
7997098
7997081
7995879
7999829
7999720
7393945
7998846
7997786
7275646
7997396
7997354
7996893
7996656
7996649
7996360
7997347
7997314
7997298
7997284
7997269
7997239
7997235
7997183
7997168
7997059
7996861
7996818
7996813
7996803
7996792
7996688
7996557
7996494
7996488
7996407
7996382
7996243
7996199
7996034
7995973
7995862
7995827
7995824
7995766
7995381
7995161
7994840
7994797
7994737
7994695
7994681
7994677
7994630
7997905
7994488
7994468
7994461
7994397
7517431
7994277
7994243
7996240
7994182
7994157
7994087
7994062
7994057
7996886
7993953
7993827
7993804
7728002
7517425
7993359
7993340
7993325
7993255
7992296
7993220
7993204
7992942
7992796
7992771
7992406
7995363
7991916
7991872
7991355
7994787
7995612
7991864
7995604
7995368
7995143
7991790
7993438
7993282
7993206
7992309
7992038
7992012
7991858
7991765
7991685
7991654
7991437
7991009
7517384
7989563
7993366
7993198
7993188
7992183
7992088
7992023
7991963
7991921
7991910
7991861
7991557
7991381
7991215
7991185
7991154
7991152
7991136
7991098
7991088
7991074
7991045
7992295
7990919
7990389
7990376
7990310
7990279
7990271
7990263
7990223
7993305
7993698
7989454
7989444
7989411
7989381
7989376
7989287
7989161
7989150
7989137
7989109
7989060
7989048
7988974
7988951
7988945
7988847
7988764
7988733
7988644
7988585
7988474
7988440
7988410
7988116
7987804
7987798
7987586
7987500
7992470
7993508
7987281
7504088
7987134
7987118
7987092
7987067
7987038
7986893
7991519
7986443
7992769
7985505
7986739
7986483
7986436
7986330
7986222
7986127
7992284
7985560
7985120
7985867
7985817
7985645
7985620
7985494
7984773
7991689
7985369
7985067
7984767
7985055
7984995
7984360
7984358
7987752
7987735
7987727
7988082
7987997
7987987
7987972
7987969
7987967
7987966
7987960
7987954
7987951
7987949
7987948
7987944
7984077
7983943
7983903
7983754
7988344
7988141
7988119
7983919
7983629
7983602
7937490
7987439
7983601
7275489
7983223
7983198
7983053
7983046
7982706
7982688
7225755
7987938
7987865
7987771
7990186
7987611
7987450
7987405
7987178
7987138
7987122
7987071
7988554
7987058
7988085
7983342
7986797
7986748
7986731
7986552
7986453
7986435
8030587
8030512
8030394
8030367
8030366
8033834
8034166
8030331
8030324
8030251
8030192
8030171
8030154
8030149
8030146
8032992
8030125
8030097
8029693
